***MIDTERM***
00011530 82
00009962 86
00009029 90
00012287 95
00011464 65
00011013 93
00010308 70
00009568 100
00010926 78
00009713 90
00010206 90
00011412 95
00008963 100

***MIDTERM***
00011530 55
00010206 75
00009568 90
00009962 65
00011366 78
00009029 77
00012287 78
00011464 83
00011013 34
00010308 60
00010926 66
00009713 87
00011412 88

***MIDTERM***
00009568 85
00010206 60
00011366 55
00011530 65
00011464 73
00009029 65
00010308 65
00012287 78
00011013 46
00010926 45
00009713 55
00011412 64

***MIDTERM***
00009962 70
00011366 50
00011530 60
00011464 74
00010206 50
00009029 65
00010308 55
00012287 77
00011013 66
00010926 45
00009713 55
00011412 34
00009568 48

***MIDTERM***
00011530 70
00009962 80
00011366 90
00010206 82
00009568 55
00009029 95
00012287 87
00011464 74
00011013 86
00010308 82
00010926 85
00009713 75
00011412 74